128.32
128.26
128.32
128.41
128.39
128.36
128.4
128.34
128.41
128.36
128.38
128.26
128.23
128.3
128.35
128.39
128.35
128.39
128.34
128.22
128.17
128.15
128.16
127.94
127.72
127.74
127.74
127.61
127.7
127.7
127.72
127.66
127.7
127.74
127.91
127.83
127.81
127.76
127.82
128.01
127.95
128.03
128.18
128.1
128.1
128.23
128.25
128.19
128.18
128.18
128.27
128.35
128.21
128.14
128.12
128.22
128.24
128.26
128.18
128.17
128.19
128.32
128.12
127.99
128
128.01
127.9
127.61
127.72
127.61
127.66
127.61
127.57
127.9
127.77
127.78
127.77
127.93
128.01
128.09
128.05
127.98
128.12
128.3
128.32
128.19
128
127.81
127.79
127.88
127.83
127.81
128.06
128.08
128.05
127.84
127.92
127.89
128.08
128.09
